700 1000
543 653 505 870
264 265 592 274
440 348 106 609
489 407 269 622
441 442 220 364
283 61 782 894
108 109 717 846
565 681 511 332
277 276 173 779
167 168 600 509
267 266 396 416
335 334 609 846
225 226 518 390
629 630 653 408
30 29 622 652
7 8 475 192
604 12 750 735
275 388 897 613
125 142 471 289
400 147 400 239
178 179 447 227
509 508 431 167
640 639 693 329
209 210 698 151
182 183 257 289
425 424 146 798
367 48 197 154
203 295 848 440
522 523 889 724
302 134 342 310
624 625 511 359
84 165 134 618
63 64 751 456
214 213 682 897
663 662 784 144
367 593 603 746
9 477 663 731
698 697 161 346
492 388 624 841
540 153 107 148
519 518 599 814
153 160 161 643
313 355 527 676
475 476 103 364
182 377 379 250
103 104 205 201
408 596 643 486
340 315 468 319
689 688 350 671
402 114 382 286
446 445 429 256
305 249 297 469
90 338 870 347
668 667 410 857
100 649 784 542
511 375 569 293
167 128 373 299
616 615 749 403
229 90 179 272
102 22 506 376
413 414 236 657
530 529 180 843
4 5 664 190
524 525 209 493
81 80 430 384
390 391 768 159
174 463 731 609
565 564 739 197
258 156 494 804
582 581 656 399
365 44 554 240
544 545 534 310
26 25 275 535
363 364 656 423
571 572 843 432
536 203 272 889
534 533 338 828
231 230 319 696
563 564 345 716
652 613 348 514
212 211 161 714
690 689 186 665
126 125 683 242
330 329 827 559
371 372 267 704
610 609 847 850
477 483 799 177
533 30 426 889
34 33 821 154
278 277 717 447
661 154 650 801
312 313 316 383
519 520 531 106
517 518 267 483
381 76 741 153
345 346 762 695
653 683 207 147
408 409 318 420
247 246 475 636
370 371 871 602
3 62 483 285
607 608 316 265
2 289 468 117
219 218 541 182
353 352 718 349
253 120 681 542
86 13 698 873
386 145 522 192
648 649 319 140
419 165 268 205
72 71 290 325
557 558 756 765
628 627 661 319
241 343 108 513
116 117 849 753
22 509 729 439
495 494 275 359
420 421 608 702
580 581 757 103
497 85 444 216
475 474 139 115
376 652 478 274
183 184 196 403
549 548 560 508
599 600 857 290
488 487 727 161
306 240 829 496
263 264 263 751
99 98 774 201
145 146 726 336
8 9 252 194
437 454 566 801
354 401 213 120
426 427 217 164
193 194 785 774
433 434 485 822
222 223 703 841
573 572 190 823
502 501 103 730
306 305 115 252
497 496 839 527
585 162 433 530
61 62 169 493
70 71 491 703
174 173 661 746
563 655 473 209
340 486 817 806
40 39 127 112
251 252 120 783
531 530 169 323
136 502 109 230
669 670 134 748
477 180 475 287
528 271 887 282
307 399 406 554
161 665 255 840
76 75 713 837
605 606 169 543
367 215 860 694
44 43 248 417
661 660 242 496
658 659 856 722
102 554 371 681
514 371 377 459
107 578 179 305
556 685 291 185
274 273 638 674
56 55 586 393
32 133 680 278
599 653 580 435
554 553 843 515
680 103 184 287
683 553 500 869
564 211 451 848
14 15 733 231
151 18 112 427
555 556 757 180
397 396 232 690
631 632 750 483
579 83 549 375
406 248 212 491
147 146 322 607
240 239 173 732
458 457 842 444
462 463 604 509
1 613 117 418
444 445 725 381
159 158 432 154
65 66 836 825
327 328 239 610
57 56 451 616
274 275 104 367
183 532 174 123
548 168 840 359
533 532 192 132
152 153 713 182
670 426 460 483
102 101 234 733
406 405 397 416
88 180 695 663
125 71 857 264
300 299 145 876
191 281 508 105
229 230 242 897
482 631 890 556
365 366 373 298
261 673 225 296
306 517 416 554
521 520 828 198
244 243 299 856
360 361 446 524
459 458 813 505
430 431 346 267
59 60 237 104
315 316 390 363
51 50 420 458
268 269 356 650
682 570 177 284
176 177 681 185
124 653 832 526
93 94 888 281
491 490 225 131
161 160 112 643
72 650 460 709
97 98 101 586
380 381 175 293
148 147 810 125
482 627 345 742
609 608 535 893
154 155 544 527
542 541 772 756
81 390 198 777
529 528 855 412
73 72 760 487
174 175 714 363
1 151 133 310
57 58 898 556
332 331 170 747
359 358 161 325
157 156 136 128
365 364 538 453
60 681 891 549
289 290 445 293
375 376 265 843
191 89 388 256
612 611 878 203
288 287 568 255
166 167 337 860
404 482 171 163
217 218 334 400
455 454 271 650
438 618 466 684
245 651 159 768
657 658 553 151
377 378 495 215
700 699 287 683
117 118 175 354
184 185 552 217
310 235 723 212
295 296 864 513
246 245 561 559
53 54 862 694
587 228 260 161
416 415 856 367
195 196 670 750
355 354 130 683
585 586 254 284
382 383 174 799
687 688 428 442
45 128 189 738
544 297 100 664
514 513 280 540
407 406 132 548
590 591 143 489
263 262 593 879
84 473 254 772
42 41 860 136
439 438 214 857
467 466 578 293
691 690 670 641
257 258 190 441
619 618 303 741
285 545 184 114
569 568 842 572
412 411 786 287
50 49 853 676
614 613 483 691
442 443 497 522
451 450 591 833
164 163 610 516
415 414 165 517
692 156 131 536
502 503 304 285
453 452 256 102
116 115 193 585
317 62 867 881
675 674 696 372
407 408 123 127
181 182 178 525
393 394 537 797
587 588 856 333
434 435 821 421
20 19 491 848
397 398 479 713
568 567 100 601
296 297 522 204
144 143 169 142
39 38 320 838
465 464 275 883
337 336 689 330
17 16 588 251
245 462 647 287
79 80 525 441
532 531 854 142
78 77 327 252
649 650 144 285
314 619 120 175
411 410 212 117
399 398 841 484
106 107 716 619
378 379 233 700
131 130 212 461
241 242 809 437
280 35 486 528
238 237 780 568
132 133 823 628
693 694 845 826
470 106 780 398
545 486 487 702
610 611 892 854
150 149 829 648
126 127 323 191
159 518 885 277
99 359 590 264
680 681 524 737
206 205 527 727
374 375 270 218
579 580 634 466
386 385 595 198
28 301 640 198
523 524 796 456
113 112 580 669
165 166 133 472
620 619 434 241
589 590 731 632
525 92 244 786
496 495 249 177
433 226 625 269
489 488 692 189
604 605 191 546
203 242 501 852
151 361 593 603
698 699 461 596
634 633 266 330
644 645 106 151
89 88 163 607
475 128 164 877
212 284 419 899
329 226 789 896
695 694 755 489
591 279 471 752
249 248 804 852
150 151 308 288
276 275 478 131
387 388 123 751
586 587 585 467
528 190 473 705
261 262 629 495
429 430 276 558
397 4 166 732
499 277 276 723
692 691 249 195
79 78 176 290
122 121 208 791
520 404 365 812
590 640 434 135
559 315 524 627
6 7 867 427
349 80 140 272
685 686 258 652
374 373 858 580
148 578 184 554
108 107 501 172
452 451 530 153
360 359 785 213
316 535 656 794
78 106 289 239
499 498 117 851
607 144 669 213
251 63 558 290
600 601 551 333
11 12 112 665
412 413 652 501
321 320 168 705
508 625 148 191
231 232 834 124
127 168 732 880
133 373 844 702
194 195 820 778
457 456 296 772
301 300 499 544
623 624 885 256
401 402 270 142
139 138 623 438
344 345 891 501
89 90 816 584
250 251 132 521
163 162 298 408
647 646 132 275
51 590 716 583
421 422 520 140
234 233 350 359
362 363 667 260
312 214 809 776
403 402 761 623
320 319 113 813
497 498 123 707
606 255 841 241
618 617 178 306
681 238 267 289
509 295 840 841
242 243 183 605
470 469 323 245
275 607 372 896
40 449 752 686
578 577 413 776
492 491 240 801
697 696 658 466
26 27 719 575
264 563 662 587
583 684 559 796
684 685 562 204
228 227 570 689
450 449 723 596
314 315 584 796
78 68 159 868
133 134 406 495
672 673 465 588
614 615 651 334
15 16 649 284
436 435 775 793
44 45 770 267
604 606 181 765
355 356 744 897
134 135 567 526
494 117 607 453
511 510 191 797
405 8 389 393
485 486 366 346
219 220 667 332
593 594 112 795
381 382 228 461
368 369 584 370
645 646 640 156
33 235 813 265
562 112 543 432
423 424 406 381
91 92 355 578
560 561 534 675
670 671 377 890
543 544 882 286
579 578 761 270
58 59 823 599
358 357 598 400
86 85 453 814
281 280 110 880
70 10 853 714
448 698 156 383
64 628 395 129
294 656 288 422
308 286 336 289
436 66 285 242
199 200 476 806
82 83 291 786
663 120 818 672
697 37 131 301
433 432 258 516
252 277 603 744
471 472 151 747
678 679 329 873
180 181 594 227
362 365 618 408
317 316 161 626
493 494 669 276
321 322 220 351
189 188 781 287
340 341 782 643
268 267 568 858
63 624 435 854
170 657 839 437
7 535 153 782
663 664 452 242
333 427 467 738
350 351 411 394
160 45 239 207
69 286 510 612
668 669 876 813
77 76 838 128
490 489 162 785
464 463 836 712
308 307 149 538
682 324 135 352
123 365 316 191
61 60 112 777
516 517 894 624
546 10 208 493
113 215 747 633
513 512 152 556
383 384 632 310
575 576 408 102
222 221 776 856
325 326 199 261
419 418 402 193
77 666 435 302
522 521 367 671
574 573 770 268
319 385 104 508
354 353 711 340
356 357 156 345
253 252 132 418
226 427 336 245
44 674 280 801
597 35 770 674
603 604 537 497
194 663 339 743
169 443 239 864
196 197 816 166
279 278 802 256
326 653 277 770
662 661 809 427
283 282 459 339
251 116 460 579
460 461 354 371
233 429 475 674
116 163 442 885
665 664 331 599
560 559 738 446
118 119 340 171
135 136 274 309
221 220 347 443
571 570 185 396
221 406 402 143
418 132 338 534
654 655 457 459
185 186 872 512
422 500 483 729
158 157 549 838
468 467 163 587
167 470 753 220
526 527 341 193
392 391 196 639
233 232 716 728
416 533 149 378
677 676 850 682
142 327 696 589
438 437 267 773
417 416 758 399
428 429 183 816
188 198 659 490
565 7 882 821
203 202 839 800
547 546 722 348
629 628 484 522
372 373 438 471
252 313 239 249
336 335 741 146
259 260 179 891
142 143 145 636
92 93 828 769
484 485 631 791
292 293 597 378
549 362 487 396
3 640 482 817
152 151 500 585
566 565 895 854
407 321 442 261
645 491 859 269
337 338 364 469
666 667 696 404
97 96 732 371
526 525 808 646
164 165 165 512
105 104 572 392
198 199 874 467
293 574 454 889
514 515 137 250
636 635 552 776
486 487 450 744
129 130 696 566
2 3 190 316
478 550 445 170
95 94 291 719
3 4 707 363
280 279 684 157
348 349 473 718
31 32 754 541
189 190 887 844
420 419 290 590
84 83 860 762
503 504 531 406
244 245 490 642
168 169 889 841
155 156 859 705
394 624 518 682
441 440 336 479
536 535 860 750
621 620 308 233
320 506 781 142
54 55 782 116
376 462 118 395
142 675 566 113
456 455 561 179
461 462 347 801
405 404 760 685
562 561 584 887
287 286 238 438
128 129 168 507
383 426 835 813
113 114 806 774
81 565 578 129
137 138 418 370
330 331 455 627
19 18 227 330
52 51 264 419
271 270 471 384
388 389 671 884
535 534 124 490
197 198 152 586
185 548 842 114
541 540 177 450
106 105 687 435
128 127 833 266
27 28 594 581
248 376 509 669
23 22 135 755
652 653 616 818
305 304 131 736
586 545 328 392
270 269 801 281
250 249 293 477
68 69 586 201
237 236 625 546
116 245 674 814
583 584 654 711
507 506 795 574
409 410 497 524
592 593 596 241
692 693 527 360
68 67 224 726
118 607 355 623
682 683 712 551
323 324 332 735
528 527 349 712
47 46 771 330
612 613 210 702
49 521 831 528
262 113 663 349
284 283 187 429
488 313 195 114
598 599 728 107
538 537 467 793
307 306 363 226
550 551 777 516
249 589 725 105
362 361 650 441
671 672 796 351
392 393 229 265
429 76 502 502
236 309 891 799
87 86 294 752
70 69 250 691
559 155 426 753
18 17 106 626
395 394 173 510
679 680 541 460
388 16 890 847
191 190 239 538
437 436 195 110
201 26 103 385
454 453 302 473
481 480 245 280
294 563 466 703
549 550 121 887
140 139 547 586
570 569 744 762
14 13 393 115
281 22 555 795
483 484 431 399
352 351 465 523
258 259 340 345
677 678 388 545
491 598 676 124
348 347 155 300
482 483 844 221
367 366 803 706
665 666 710 161
272 273 793 159
95 580 695 732
1 2 372 329
500 499 696 113
8 692 515 344
404 403 256 260
356 255 762 475
404 315 162 679
205 204 601 157
607 606 683 491
592 591 651 246
3 401 106 653
140 141 540 251
12 13 767 307
36 331 580 198
409 143 848 149
285 286 577 812
643 642 416 240
566 567 421 393
111 112 575 716
407 385 290 316
673 674 404 140
561 205 874 564
224 610 128 277
640 641 891 106
149 148 664 648
337 379 625 286
256 255 729 221
637 619 346 737
547 548 159 715
291 292 623 466
193 192 501 677
528 328 109 411
551 552 760 389
88 87 315 531
472 91 405 363
427 184 174 223
346 347 347 484
453 59 648 594
683 684 566 856
289 76 392 593
84 85 537 648
47 48 840 877
201 200 136 145
676 675 547 534
295 294 437 836
516 515 701 729
239 238 883 589
149 183 128 639
289 288 855 509
121 120 443 764
304 303 482 399
507 508 406 598
539 538 340 300
347 423 602 491
631 630 325 616
23 24 125 600
21 22 713 536
470 471 271 500
137 136 819 884
622 621 414 211
574 575 612 107
402 100 813 884
191 192 801 168
289 507 848 304
261 260 203 475
379 380 547 322
447 446 692 704
545 525 151 805
439 440 254 233
421 699 833 300
500 501 133 590
484 547 266 383
430 396 290 509
172 171 398 485
10 9 617 229
302 301 481 620
681 682 454 634
308 309 442 190
227 226 720 103
202 201 275 398
110 338 220 596
264 617 494 603
25 24 379 433
369 370 170 256
515 619 342 568
449 605 613 871
314 313 715 765
349 350 436 512
294 293 630 817
290 291 568 655
65 64 310 338
119 120 607 264
431 432 432 239
324 325 171 419
654 653 646 101
124 123 766 730
603 602 598 133
326 327 732 322
346 278 676 348
10 11 575 393
312 311 194 569
298 297 411 672
353 463 573 736
584 585 230 776
197 244 270 641
179 180 305 606
373 279 184 194
149 178 484 600
487 263 546 454
100 101 794 477
262 571 465 357
90 91 108 114
287 633 863 768
186 187 764 645
342 427 235 722
481 482 418 684
137 685 624 877
211 210 210 539
493 492 102 745
588 589 381 546
575 197 132 451
597 596 495 317
652 651 479 150
342 341 676 713
444 443 470 108
216 217 613 895
428 427 411 514
642 641 422 309
266 265 664 103
158 100 416 894
636 637 219 878
282 281 711 894
37 38 647 825
644 643 183 759
581 502 754 228
396 395 631 558
41 40 330 730
384 385 261 480
563 562 138 773
96 237 249 837
318 128 147 226
157 548 278 186
213 212 533 653
336 448 503 428
45 46 377 177
616 617 579 538
228 229 569 330
72 555 236 667
539 540 479 381
479 478 576 334
505 318 818 495
311 310 791 635
35 34 750 785
310 309 344 236
160 159 653 883
169 148 407 710
44 660 622 447
125 124 579 596
204 203 792 237
67 66 639 728
626 625 583 209
511 512 221 800
99 100 837 117
223 224 531 623
215 216 158 225
417 418 897 775
543 542 339 848
43 42 227 496
477 476 498 394
682 7 366 644
323 322 791 567
627 626 650 240
342 343 374 519
145 144 823 161
623 622 409 321
208 207 853 248
310 670 136 257
423 422 825 245
633 632 831 792
339 338 518 809
74 73 524 339
687 686 367 154
224 225 144 780
460 459 741 680
595 596 545 632
594 595 149 477
178 177 195 238
368 367 817 757
102 103 853 661
510 509 192 763
208 209 682 575
582 583 543 841
422 185 219 151
638 637 324 639
566 622 117 627
480 479 696 557
20 21 272 523
114 115 414 798
308 435 605 335
63 440 589 451
175 176 395 748
122 123 607 823
317 30 674 374
254 255 423 207
478 477 765 809
601 602 249 436
523 539 210 556
44 3 747 871
355 222 618 101
143 11 685 621
48 49 142 649
121 253 791 809
553 552 433 180
29 28 561 260
556 557 887 354
400 399 204 177
474 473 278 388
81 82 564 126
377 376 706 746
405 502 573 416
448 447 220 423
96 95 143 624
387 386 680 356
307 199 549 486
696 695 490 199
634 635 292 741
370 325 558 818
74 75 786 549
639 638 188 576
506 505 227 283
35 36 457 160
389 390 241 884
468 469 872 852
591 460 537 272
489 677 169 643
186 58 506 615
33 32 460 576
400 401 140 845
173 625 363 812
448 449 161 890
142 141 397 361
111 110 600 229
235 236 817 725
535 518 516 723
660 659 482 766
187 188 168 740
37 36 701 331
256 257 860 596
473 472 437 452
333 334 373 423
53 52 549 546
536 537 625 191
247 248 745 868
597 598 674 625
425 426 472 306
222 499 715 710
5 6 153 200
339 340 341 736
271 272 114 114
577 576 283 776
161 162 875 595
390 570 154 218
109 110 640 335
650 651 277 276
318 317 836 227
329 328 888 545
504 505 258 133
596 125 482 405
241 240 144 503
681 670 595 413
558 559 871 425
207 206 417 196
303 302 362 317
554 555 829 149
333 332 354 191
254 253 772 617
30 31 717 376
647 648 116 852
131 132 210 569
298 299 200 179
545 546 579 622
344 343 891 792
170 169 479 146
466 465 348 897
695 603 898 871
284 285 119 434
153 154 655 252
319 318 835 569
182 293 657 490
639 517 592 421
173 172 312 236
287 558 349 704
656 657 342 583
42 582 252 266
170 171 168 510
178 407 308 577
655 656 110 199
214 215 257 598
52 322 869 600
62 63 262 142
250 554 601 857
588 699 649 777
235 234 334 755
